	CHB	JPT	CHS	CDX	KHV	CEU	TSI	FIN	GBR	IBS	YRI	LWK	GWD	MSL	ESN	ASW	ACB	MXL	PUR	CLM	PEL	GIH	PJL	BEB	STU	ITU	Denisova	Neandertha
CHB	0.0	0.006999999999999999	0.001	0.009000000000000001	0.006	0.11	0.11	0.102	0.111	0.111	0.177	0.16699999999999998	0.174	0.177	0.17800000000000002	0.13	0.152	0.068	0.087	0.078	0.08199999999999999	0.076	0.07400000000000001	0.057999999999999996	0.071	0.07200000000000001	0.63	0.625
JPT	0.006999999999999999	0.0	0.009000000000000001	0.017	0.013999999999999999	0.11199999999999999	0.11199999999999999	0.10300000000000001	0.11199999999999999	0.11199999999999999	0.177	0.168	0.174	0.177	0.17800000000000002	0.13	0.153	0.068	0.087	0.078	0.08199999999999999	0.077	0.07400000000000001	0.06	0.071	0.073	0.63	0.625
CHS	0.001	0.009000000000000001	0.0	0.005	0.003	0.113	0.11199999999999999	0.105	0.113	0.113	0.17800000000000002	0.168	0.175	0.17800000000000002	0.179	0.131	0.153	0.07	0.08900000000000001	0.08	0.084	0.077	0.075	0.059000000000000004	0.07200000000000001	0.073	0.631	0.626
CDX	0.009000000000000001	0.017	0.005	0.0	0.002	0.11199999999999999	0.11199999999999999	0.105	0.113	0.113	0.177	0.16699999999999998	0.17300000000000001	0.177	0.17800000000000002	0.13	0.152	0.073	0.08900000000000001	0.081	0.08800000000000001	0.077	0.07400000000000001	0.059000000000000004	0.071	0.073	0.63	0.625
KHV	0.006	0.013999999999999999	0.003	0.002	0.0	0.109	0.109	0.10099999999999999	0.109	0.11	0.174	0.165	0.171	0.175	0.17600000000000002	0.128	0.15	0.069	0.086	0.077	0.085	0.073	0.071	0.055	0.067	0.069	0.628	0.622
CEU	0.11	0.11199999999999999	0.113	0.11199999999999999	0.109	0.0	0.004	0.006	0.0	0.003	0.151	0.14	0.146	0.151	0.151	0.092	0.11900000000000001	0.037000000000000005	0.011000000000000001	0.016	0.08800000000000001	0.035	0.028999999999999998	0.040999999999999995	0.043	0.042	0.609	0.602
TSI	0.11	0.11199999999999999	0.11199999999999999	0.11199999999999999	0.109	0.004	0.0	0.012	0.004	0.002	0.146	0.135	0.141	0.146	0.147	0.08900000000000001	0.115	0.038	0.01	0.016	0.091	0.035	0.028999999999999998	0.04	0.040999999999999995	0.04	0.606	0.599
FIN	0.102	0.10300000000000001	0.105	0.105	0.10099999999999999	0.006	0.012	0.0	0.006999999999999999	0.011000000000000001	0.153	0.142	0.149	0.153	0.154	0.095	0.122	0.037000000000000005	0.016	0.019	0.084	0.037000000000000005	0.031	0.04	0.043	0.042	0.61	0.604
GBR	0.111	0.11199999999999999	0.113	0.113	0.109	0.0	0.004	0.006999999999999999	0.0	0.003	0.151	0.14	0.147	0.151	0.152	0.09300000000000001	0.12	0.037000000000000005	0.011000000000000001	0.016	0.08800000000000001	0.036000000000000004	0.03	0.040999999999999995	0.043	0.042	0.609	0.602
IBS	0.111	0.11199999999999999	0.113	0.113	0.11	0.003	0.002	0.011000000000000001	0.003	0.0	0.145	0.134	0.14	0.145	0.146	0.08800000000000001	0.114	0.038	0.009000000000000001	0.015	0.091	0.037000000000000005	0.031	0.042	0.044000000000000004	0.042	0.605	0.598
YRI	0.177	0.177	0.17800000000000002	0.177	0.174	0.151	0.146	0.153	0.151	0.145	0.0	0.006999999999999999	0.006	0.004	0.001	0.01	0.003	0.141	0.109	0.122	0.177	0.135	0.132	0.132	0.133	0.134	0.529	0.525
LWK	0.16699999999999998	0.168	0.168	0.16699999999999998	0.165	0.14	0.135	0.142	0.14	0.134	0.006999999999999999	0.0	0.011000000000000001	0.009000000000000001	0.008	0.011000000000000001	0.006999999999999999	0.132	0.099	0.113	0.168	0.125	0.122	0.122	0.12300000000000001	0.124	0.524	0.52
GWD	0.174	0.174	0.175	0.17300000000000001	0.171	0.146	0.141	0.149	0.147	0.14	0.006	0.011000000000000001	0.0	0.004	0.006999999999999999	0.012	0.006	0.138	0.105	0.11900000000000001	0.174	0.131	0.128	0.129	0.129	0.13	0.529	0.525
MSL	0.177	0.177	0.17800000000000002	0.177	0.175	0.151	0.146	0.153	0.151	0.145	0.004	0.009000000000000001	0.004	0.0	0.005	0.012	0.005	0.141	0.109	0.12300000000000001	0.177	0.135	0.132	0.132	0.133	0.134	0.525	0.521
ESN	0.17800000000000002	0.17800000000000002	0.179	0.17800000000000002	0.17600000000000002	0.151	0.147	0.154	0.152	0.146	0.001	0.008	0.006999999999999999	0.005	0.0	0.011000000000000001	0.004	0.14300000000000002	0.11	0.124	0.17800000000000002	0.136	0.133	0.134	0.134	0.135	0.529	0.526
ASW	0.13	0.13	0.131	0.13	0.128	0.092	0.08900000000000001	0.095	0.09300000000000001	0.08800000000000001	0.01	0.011000000000000001	0.012	0.012	0.011000000000000001	0.0	0.003	0.08800000000000001	0.059000000000000004	0.07	0.125	0.084	0.081	0.08199999999999999	0.084	0.085	0.52	0.515
ACB	0.152	0.153	0.153	0.152	0.15	0.11900000000000001	0.115	0.122	0.12	0.114	0.003	0.006999999999999999	0.006	0.005	0.004	0.003	0.0	0.113	0.08199999999999999	0.095	0.15	0.10800000000000001	0.10400000000000001	0.106	0.106	0.107	0.521	0.517
MXL	0.068	0.068	0.07	0.073	0.069	0.037000000000000005	0.038	0.037000000000000005	0.037000000000000005	0.038	0.141	0.132	0.138	0.141	0.14300000000000002	0.08800000000000001	0.113	0.0	0.02	0.01	0.018000000000000002	0.039	0.034	0.036000000000000004	0.040999999999999995	0.040999999999999995	0.6	0.595
PUR	0.087	0.087	0.08900000000000001	0.08900000000000001	0.086	0.011000000000000001	0.01	0.016	0.011000000000000001	0.009000000000000001	0.109	0.099	0.105	0.109	0.11	0.059000000000000004	0.08199999999999999	0.02	0.0	0.006	0.06	0.027999999999999997	0.023	0.03	0.033	0.032	0.5760000000000001	0.57
CLM	0.078	0.078	0.08	0.081	0.077	0.016	0.016	0.019	0.016	0.015	0.122	0.113	0.11900000000000001	0.12300000000000001	0.124	0.07	0.095	0.01	0.006	0.0	0.040999999999999995	0.028999999999999998	0.024	0.028999999999999998	0.033	0.032	0.586	0.58
PEL	0.08199999999999999	0.08199999999999999	0.084	0.08800000000000001	0.085	0.08800000000000001	0.091	0.084	0.08800000000000001	0.091	0.177	0.168	0.174	0.177	0.17800000000000002	0.125	0.15	0.018000000000000002	0.06	0.040999999999999995	0.0	0.076	0.073	0.069	0.076	0.076	0.631	0.626
GIH	0.076	0.077	0.077	0.077	0.073	0.035	0.035	0.037000000000000005	0.036000000000000004	0.037000000000000005	0.135	0.125	0.131	0.135	0.136	0.084	0.10800000000000001	0.039	0.027999999999999997	0.028999999999999998	0.076	0.0	0.004	0.004	0.005	0.004	0.598	0.591
PJL	0.07400000000000001	0.07400000000000001	0.075	0.07400000000000001	0.071	0.028999999999999998	0.028999999999999998	0.031	0.03	0.031	0.132	0.122	0.128	0.132	0.133	0.081	0.10400000000000001	0.034	0.023	0.024	0.073	0.004	0.0	0.004	0.004	0.004	0.595	0.588
BEB	0.057999999999999996	0.06	0.059000000000000004	0.059000000000000004	0.055	0.040999999999999995	0.04	0.04	0.040999999999999995	0.042	0.132	0.122	0.129	0.132	0.134	0.08199999999999999	0.106	0.036000000000000004	0.03	0.028999999999999998	0.069	0.004	0.004	0.0	0.002	0.002	0.595	0.588
STU	0.071	0.071	0.07200000000000001	0.071	0.067	0.043	0.040999999999999995	0.043	0.043	0.044000000000000004	0.133	0.12300000000000001	0.129	0.133	0.134	0.084	0.106	0.040999999999999995	0.033	0.033	0.076	0.005	0.004	0.002	0.0	0.001	0.597	0.59
ITU	0.07200000000000001	0.073	0.073	0.073	0.069	0.042	0.04	0.042	0.042	0.042	0.134	0.124	0.13	0.134	0.135	0.085	0.107	0.040999999999999995	0.032	0.032	0.076	0.004	0.004	0.002	0.001	0.0	0.597	0.59
Denisova	0.63	0.63	0.631	0.63	0.628	0.609	0.606	0.61	0.609	0.605	0.529	0.524	0.529	0.525	0.529	0.52	0.521	0.6	0.5760000000000001	0.586	0.631	0.598	0.595	0.595	0.597	0.597	0.0	0.892
Neandertha	0.625	0.625	0.626	0.625	0.622	0.602	0.599	0.604	0.602	0.598	0.525	0.52	0.525	0.521	0.526	0.515	0.517	0.595	0.57	0.58	0.626	0.591	0.588	0.588	0.59	0.59	0.892	0.0
