GBR 0.000 0.007 0.113 0.011 0.113 0.016 0.003 0.088 0.030 0.109 0.120 0.147 0.152 0.041 0.151 0.043 0.042 0.000 0.151 0.111 0.112 0.140 0.093 0.037 0.004 0.036 0.602 0.609
FIN 0.007 0.000 0.105 0.016 0.105 0.019 0.011 0.084 0.031 0.101 0.122 0.149 0.154 0.040 0.153 0.043 0.042 0.006 0.153 0.102 0.103 0.142 0.095 0.037 0.012 0.037 0.604 0.610
CHS 0.113 0.105 0.000 0.089 0.005 0.080 0.113 0.084 0.075 0.003 0.153 0.175 0.179 0.059 0.178 0.072 0.073 0.113 0.178 0.001 0.009 0.168 0.131 0.070 0.112 0.077 0.626 0.631
PUR 0.011 0.016 0.089 0.000 0.089 0.006 0.009 0.060 0.023 0.086 0.082 0.105 0.110 0.030 0.109 0.033 0.032 0.011 0.109 0.087 0.087 0.099 0.059 0.020 0.010 0.028 0.570 0.576
CDX 0.113 0.105 0.005 0.089 0.000 0.081 0.113 0.088 0.074 0.002 0.152 0.173 0.178 0.059 0.177 0.071 0.073 0.112 0.177 0.009 0.017 0.167 0.130 0.073 0.112 0.077 0.625 0.630
CLM 0.016 0.019 0.080 0.006 0.081 0.000 0.015 0.041 0.024 0.077 0.095 0.119 0.124 0.029 0.123 0.033 0.032 0.016 0.122 0.078 0.078 0.113 0.070 0.010 0.016 0.029 0.580 0.586
IBS 0.003 0.011 0.113 0.009 0.113 0.015 0.000 0.091 0.031 0.110 0.114 0.140 0.146 0.042 0.145 0.044 0.042 0.003 0.145 0.111 0.112 0.134 0.088 0.038 0.002 0.037 0.598 0.605
PEL 0.088 0.084 0.084 0.060 0.088 0.041 0.091 0.000 0.073 0.085 0.150 0.174 0.178 0.069 0.177 0.076 0.076 0.088 0.177 0.082 0.082 0.168 0.125 0.018 0.091 0.076 0.626 0.631
PJL 0.030 0.031 0.075 0.023 0.074 0.024 0.031 0.073 0.000 0.071 0.104 0.128 0.133 0.004 0.132 0.004 0.004 0.029 0.132 0.074 0.074 0.122 0.081 0.034 0.029 0.004 0.588 0.595
KHV 0.109 0.101 0.003 0.086 0.002 0.077 0.110 0.085 0.071 0.000 0.150 0.171 0.176 0.055 0.175 0.067 0.069 0.109 0.174 0.006 0.014 0.165 0.128 0.069 0.109 0.073 0.622 0.628
ACB 0.120 0.122 0.153 0.082 0.152 0.095 0.114 0.150 0.104 0.150 0.000 0.006 0.004 0.106 0.005 0.106 0.107 0.119 0.003 0.152 0.153 0.007 0.003 0.113 0.115 0.108 0.517 0.521
GWD 0.147 0.149 0.175 0.105 0.173 0.119 0.140 0.174 0.128 0.171 0.006 0.000 0.007 0.129 0.004 0.129 0.130 0.146 0.006 0.174 0.174 0.011 0.012 0.138 0.141 0.131 0.525 0.529
ESN 0.152 0.154 0.179 0.110 0.178 0.124 0.146 0.178 0.133 0.176 0.004 0.007 0.000 0.134 0.005 0.134 0.135 0.151 0.001 0.178 0.178 0.008 0.011 0.143 0.147 0.136 0.526 0.529
BEB 0.041 0.040 0.059 0.030 0.059 0.029 0.042 0.069 0.004 0.055 0.106 0.129 0.134 0.000 0.132 0.002 0.002 0.041 0.132 0.058 0.060 0.122 0.082 0.036 0.040 0.004 0.588 0.595
MSL 0.151 0.153 0.178 0.109 0.177 0.123 0.145 0.177 0.132 0.175 0.005 0.004 0.005 0.132 0.000 0.133 0.134 0.151 0.004 0.177 0.177 0.009 0.012 0.141 0.146 0.135 0.521 0.525
STU 0.043 0.043 0.072 0.033 0.071 0.033 0.044 0.076 0.004 0.067 0.106 0.129 0.134 0.002 0.133 0.000 0.001 0.043 0.133 0.071 0.071 0.123 0.084 0.041 0.041 0.005 0.590 0.597
ITU 0.042 0.042 0.073 0.032 0.073 0.032 0.042 0.076 0.004 0.069 0.107 0.130 0.135 0.002 0.134 0.001 0.000 0.042 0.134 0.072 0.073 0.124 0.085 0.041 0.040 0.004 0.590 0.597
CEU 0.000 0.006 0.113 0.011 0.112 0.016 0.003 0.088 0.029 0.109 0.119 0.146 0.151 0.041 0.151 0.043 0.042 0.000 0.151 0.110 0.112 0.140 0.092 0.037 0.004 0.035 0.602 0.609
YRI 0.151 0.153 0.178 0.109 0.177 0.122 0.145 0.177 0.132 0.174 0.003 0.006 0.001 0.132 0.004 0.133 0.134 0.151 0.000 0.177 0.177 0.007 0.010 0.141 0.146 0.135 0.525 0.529
CHB 0.111 0.102 0.001 0.087 0.009 0.078 0.111 0.082 0.074 0.006 0.152 0.174 0.178 0.058 0.177 0.071 0.072 0.110 0.177 0.000 0.007 0.167 0.130 0.068 0.110 0.076 0.625 0.630
JPT 0.112 0.103 0.009 0.087 0.017 0.078 0.112 0.082 0.074 0.014 0.153 0.174 0.178 0.060 0.177 0.071 0.073 0.112 0.177 0.007 0.000 0.168 0.130 0.068 0.112 0.077 0.625 0.630
LWK 0.140 0.142 0.168 0.099 0.167 0.113 0.134 0.168 0.122 0.165 0.007 0.011 0.008 0.122 0.009 0.123 0.124 0.140 0.007 0.167 0.168 0.000 0.011 0.132 0.135 0.125 0.520 0.524
ASW 0.093 0.095 0.131 0.059 0.130 0.070 0.088 0.125 0.081 0.128 0.003 0.012 0.011 0.082 0.012 0.084 0.085 0.092 0.010 0.130 0.130 0.011 0.000 0.088 0.089 0.084 0.515 0.520
MXL 0.037 0.037 0.070 0.020 0.073 0.010 0.038 0.018 0.034 0.069 0.113 0.138 0.143 0.036 0.141 0.041 0.041 0.037 0.141 0.068 0.068 0.132 0.088 0.000 0.038 0.039 0.595 0.600
TSI 0.004 0.012 0.112 0.010 0.112 0.016 0.002 0.091 0.029 0.109 0.115 0.141 0.147 0.040 0.146 0.041 0.040 0.004 0.146 0.110 0.112 0.135 0.089 0.038 0.000 0.035 0.599 0.606
GIH 0.036 0.037 0.077 0.028 0.077 0.029 0.037 0.076 0.004 0.073 0.108 0.131 0.136 0.004 0.135 0.005 0.004 0.035 0.135 0.076 0.077 0.125 0.084 0.039 0.035 0.000 0.591 0.598
Neandertha 0.602 0.604 0.626 0.570 0.625 0.580 0.598 0.626 0.588 0.622 0.517 0.525 0.526 0.588 0.521 0.590 0.590 0.602 0.525 0.625 0.625 0.520 0.515 0.595 0.599 0.591 0.000 0.892
Denisova 0.609 0.610 0.631 0.576 0.630 0.586 0.605 0.631 0.595 0.628 0.521 0.529 0.529 0.595 0.525 0.597 0.597 0.609 0.529 0.630 0.630 0.524 0.520 0.600 0.606 0.598 0.892 0.000
